   9.4393741e-03
   2.2625972e-02
   0.0000000e+00
   0.0000000e+00
   0.0000000e+00
   7.7246064e-03
   0.0000000e+00
   3.0918724e-02
   0.0000000e+00
   9.8433274e-03
   4.9920532e-03
   0.0000000e+00
   1.7900909e-02
   0.0000000e+00
   2.5474773e-02
   1.4303506e-02
   0.0000000e+00
   0.0000000e+00
   3.2089632e-02
   0.0000000e+00
   0.0000000e+00
   0.0000000e+00
   1.4068732e-02
   9.8104253e-03
   7.9436407e-03
   3.0961989e-02
   7.1821987e-03
   1.2748257e-02
   7.2351625e-03
   8.7013751e-03
   1.3484013e-02
   0.0000000e+00
   3.2151414e-02
   2.9357382e-02
   1.7737160e-02
   1.9216547e-02
   0.0000000e+00
   0.0000000e+00
   0.0000000e+00
   2.5504056e-03
   1.8581734e-02
   2.8943038e-02
   0.0000000e+00
   1.4929892e-02
   0.0000000e+00
   1.2838074e-02
   0.0000000e+00
   0.0000000e+00
   3.3661937e-03
   0.0000000e+00
   0.0000000e+00
   2.1017907e-02
   0.0000000e+00
   0.0000000e+00
   0.0000000e+00
   0.0000000e+00
   0.0000000e+00
   0.0000000e+00
   3.1956909e-02
   0.0000000e+00
   2.1850470e-02
   0.0000000e+00
   1.3807421e-02
   2.1100561e-02
   1.8971954e-02
   0.0000000e+00
   2.4008926e-02
   2.0651642e-02
   1.6230648e-02
   3.0227797e-02
   0.0000000e+00
   0.0000000e+00
   1.9506816e-02
   2.0588916e-02
   2.2642693e-02
   2.7743543e-02
   0.0000000e+00
   1.2234383e-02
   0.0000000e+00
   0.0000000e+00
   0.0000000e+00
   2.2947712e-02
   1.6870117e-02
   1.1713219e-02
   0.0000000e+00
   0.0000000e+00
   0.0000000e+00
   1.4007157e-02
   0.0000000e+00
   2.2157401e-02
   0.0000000e+00
   0.0000000e+00
   7.3101355e-03
   0.0000000e+00
   3.1547775e-02
   3.1440382e-02
   9.3294002e-03
   0.0000000e+00
   1.0905801e-02
   3.2109803e-02
