   3.0295120e-02
   0.0000000e+00
   0.0000000e+00
   0.0000000e+00
   0.0000000e+00
   0.0000000e+00
   0.0000000e+00
   1.3643005e-02
   3.2465844e-02
   1.5138483e-02
   5.6314220e-03
   1.0735326e-02
   2.3600514e-02
   0.0000000e+00
   0.0000000e+00
   3.2365105e-02
   3.2827138e-02
   0.0000000e+00
   2.0758294e-02
   0.0000000e+00
   0.0000000e+00
   0.0000000e+00
   0.0000000e+00
   3.2878590e-02
   1.3999276e-02
   1.4217786e-03
   0.0000000e+00
   0.0000000e+00
   1.0181086e-02
   0.0000000e+00
   1.1067066e-03
   0.0000000e+00
   0.0000000e+00
   0.0000000e+00
   0.0000000e+00
   2.9955467e-02
   0.0000000e+00
   0.0000000e+00
   1.4987779e-02
   3.2158259e-03
   0.0000000e+00
   4.7744969e-03
   0.0000000e+00
   0.0000000e+00
   8.3843279e-03
   0.0000000e+00
   7.7272872e-03
   0.0000000e+00
   3.0067285e-02
   0.0000000e+00
   2.6478804e-02
   1.1944394e-02
   1.3332674e-02
   2.0612143e-02
   1.8541990e-02
   1.1557742e-02
   0.0000000e+00
   2.9614843e-02
   0.0000000e+00
   9.2045935e-03
   3.2361127e-02
   1.3507794e-02
   2.3668289e-02
   9.5291187e-03
   9.6873840e-04
   3.2592346e-02
   0.0000000e+00
   1.8502129e-02
   0.0000000e+00
   2.3256227e-02
   0.0000000e+00
   2.1051152e-02
   0.0000000e+00
   0.0000000e+00
   0.0000000e+00
   0.0000000e+00
   0.0000000e+00
   0.0000000e+00
   2.6017839e-02
   3.4002916e-02
   2.5213831e-02
   2.9706271e-02
   0.0000000e+00
   3.4367460e-02
   0.0000000e+00
   2.6315384e-02
   0.0000000e+00
   5.0603371e-03
   1.1306512e-02
   9.9744161e-04
   2.4066265e-02
   0.0000000e+00
   0.0000000e+00
   3.3221030e-02
   0.0000000e+00
   0.0000000e+00
   2.5261560e-02
   0.0000000e+00
   2.5528612e-02
   6.0502771e-03
